bi1	bi2	KC=3	KC=5	KC=7
0.25	0.25	0.061329415	0.099863618	0.101996679
0.5	0.25	0.088533277	0.023300639	0.096601873
0.75	0.25	0.195684789	0.005187054	0.084769425
1	0.25	0.202302863	0.152794864	0.364721377
1.25	0.25	0.165960062	0.206592422	0.291559584
1.5	0.25	0.171710136	0.21951408	0.416121057
1.75	0.25	0.185191681	0.368406161	0.366642251
2	0.25	0.185406074	0.406901277	0.370417278
2.25	0.25	0.167357085	0.394577704	0.463107558
2.5	0.25	0.176545289	0.354521204	0.503765358
2.75	0.25	0.177177996	0.373207639	0.534319596
3	0.25	0.162439951	0.349274335	0.494275307
3.25	0.25	0.162312501	0.371368215	0.525230871
3.5	0.25	0.16888837	0.381314646	0.573044414
3.75	0.25	0.159869063	0.457769591	0.548634255
4	0.25	0.144230165	0.421458604	0.496063067
0.25	0.5	0.069973579	0.016972839	0.001012368
0.5	0.5	0.106693201	0.098508576	0.031493394
0.75	0.5	0.098516797	0.066651216	0.077390644
1	0.5	0.115606359	0.035513961	0.163571036
1.25	0.5	0.12529713	0.13436552	0.12394979
1.5	0.5	0.123742361	0.163408566	0.220501143
1.75	0.5	0.121187913	0.071618541	0.153009226
2	0.5	0.112321183	0.216262509	0.230507498
2.25	0.5	0.131613628	0.238285042	0.351611237
2.5	0.5	0.132882106	0.285919387	0.219626039
2.75	0.5	0.125736141	0.218958116	0.260681773
3	0.5	0.113218388	0.179788688	0.370026926
3.25	0.5	0.126553272	0.225902345	0.434118669
3.5	0.5	0.122976866	0.216614239	0.344699888
3.75	0.5	0.106328333	0.18501058	0.285177349
4	0.5	0.116990964	0.234745799	0.365152744
0.25	0.75	0.106420387	0.058910387	0.035676469
0.5	0.75	0.086324468	0.089052277	0.053391622
0.75	0.75	0.064731985	0.103586098	0.018356491
1	0.75	0.083156328	0.024171823	0.043109584
1.25	0.75	0.090189845	0.068193697	0.015842493
1.5	0.75	0.093563495	0.015410478	0.198971798
1.75	0.75	0.111274436	0.112578156	0.09483223
2	0.75	0.122025039	0.118615427	0.194001624
2.25	0.75	0.122464928	0.09497181	0.139335583
2.5	0.75	0.113824834	0.128998288	0.159802409
2.75	0.75	0.108460368	0.084099045	0.143196685
3	0.75	0.119538754	0.07241637	0.187407112
3.25	0.75	0.116856574	0.114647866	0.158086752
3.5	0.75	0.105070422	0.07986693	0.194931629
3.75	0.75	0.10591226	0.139516347	0.317802415
4	0.75	0.110662571	0.095800919	0.244542322
0.25	1	0.022865264	0.034719029	0.071930435
0.5	1	0.049451609	0.036616514	0.121649763
0.75	1	0.059685609	0.072999798	0.150461623
1	1	0.072988714	0.106993156	0.128577829
1.25	1	0.079940743	0.035470953	0.0826755
1.5	1	0.085927197	0.036871478	0.055250221
1.75	1	0.091079593	0.029729545	0.020099097
2	1	0.092280691	0.051549782	0.052703804
2.25	1	0.089877604	0.082552592	0.1589473
2.5	1	0.099608847	0.069370706	0.148606923
2.75	1	0.104956092	0.075337234	0.051213622
3	1	0.099730256	0.089048794	0.096917045
3.25	1	0.089329298	0.05606513	0.013051815
3.5	1	0.094577808	0.078018507	0.150999093
3.75	1	0.096827796	0.063458233	0.166277325
4	1	0.091980838	0.035482829	0.10586102
0.25	1.25	0.131097916	0.048577545	0.092046904
0.5	1.25	0.044388668	0.078466898	0.061402726
0.75	1.25	0.039176504	0.060492326	0.199250662
1	1.25	0.051227434	0.010152872	0.130696833
1.25	1.25	0.050627156	0.028096748	0.008186197
1.5	1.25	0.056442205	0.02714207	0.115601317
1.75	1.25	0.065286548	0.01867688	0.113774508
2	1.25	0.073465616	0.065940916	0.158616549
2.25	1.25	0.078310366	0.073059299	0.004871634
2.5	1.25	0.078503728	0.083593384	0.035964401
2.75	1.25	0.07198659	0.06708929	0.1206412
3	1.25	0.069006175	0.068923293	0.014072191
3.25	1.25	0.079027631	0.060450994	0.086188351
3.5	1.25	0.080461518	0.09854219	0.118499138
3.75	1.25	0.072851175	0.095695444	0.140832784
4	1.25	0.063117617	0.063160089	0.09075303
0.25	1.5	0.325581944	0.242300907	0.044414519
0.5	1.5	0.106011453	0.179588679	0.062056331
0.75	1.5	0.02317601	0.09294751	0.075507874
1	1.5	0.027660336	0.026435013	0.053024886
1.25	1.5	0.021047005	0.013757589	0.041901238
1.5	1.5	0.027290376	0.038699571	0.105685216
1.75	1.5	0.035797735	0.008299766	0.023738225
2	1.5	0.039172176	0.031246668	0.105707025
2.25	1.5	0.041542822	0.040061165	0.017093732
2.5	1.5	0.047871162	0.042890101	0.033461473
2.75	1.5	0.057123301	0.017892629	0.082189455
3	1.5	0.05942654	0.051231002	0.075280077
3.25	1.5	0.057473484	0.079322969	0.008390758
3.5	1.5	0.048644964	0.00034558	0.073636332
3.75	1.5	0.048620491	0.105100224	0.008411322
4	1.5	0.057660066	0.043017626	0.098733276
0.5	1.75	0.157311407	0.054166687	0.041058102
0.75	1.75	0.054190291	0.077667064	0.062160163
1	1.75	0.011401849	0.115220092	0.007779113
1.25	1.75	0.001963481	0.062974727	0.066105266
1.5	1.75	0.012975753	0.067497929	0.044661734
1.75	1.75	0.018646896	0.04075643	0.000393463
2	1.75	0.02533997	0.065956104	0.005876143
2.25	1.75	0.030125422	0.038963358	0.006733491
2.5	1.75	0.035471664	0.038663569	0.04220704
2.75	1.75	0.03252353	0.072656742	0.027674565
3	1.75	0.029085123	0.054094984	0.013097254
3.25	1.75	0.029086692	0.022868432	0.006923935
3.5	1.75	0.03940306	0.069659217	0.018619078
3.75	1.75	0.040334302	0.043672204	0.118586051
4	1.75	0.036657516	0.034083553	0.10676487
0.5	2	0.376897577	0.392911094	0.273070578
0.75	2	0.082989685	0.15633504	0.031915547
1	2	0.004011643	0.014369846	0.008450611
1.25	2	0.011518564	0.010325094	0.007044479
1.5	2	0.003179179	0.060093509	0.000946336
1.75	2	0.001627109	0.022113011	0.075215056
2	2	0.004487743	0.044951893	0.014707559
2.25	2	0.008317443	0.022060263	0.040461233
2.5	2	0.016965984	0.0253507	0.026981994
2.75	2	0.021198739	0.030891105	0.065483929
3	2	0.022140029	0.036321924	0.036659226
3.25	2	0.023436119	0.048516242	0.065730032
3.5	2	0.023328789	0.029909739	0.144940205
3.75	2	0.015389143	0.048356554	0.03111334
4	2	0.015476854	0.057732669	0.024772876
0.75	2.25	0.094290626	0.104508232	0.056302412
1	2.25	0.029077672	0.090545955	0.028197735
1.25	2.25	0.010590493	0.068346034	0.175792282
1.5	2.25	0.019224169	0.000213651	0.056171118
1.75	2.25	0.014135841	0.017077121	0.052377967
2	2.25	0.018687434	0.014967632	0.038829936
2.25	2.25	0.015330283	0.010675804	0.050560461
2.5	2.25	0.008691894	0.052010084	0.030282746
2.75	2.25	0.006877248	0.014423617	0.007772733
3	2.25	0.004010467	0.003607968	0.071838917
3.25	2.25	0.000989049	0.029341804	0.021394713
3.5	2.25	0.008856361	0.043743306	0.056620406
3.75	2.25	0.013816015	0.042697644	0.02262702
4	2.25	0.011262351	0.064405796	0.057367705
0.75	2.5	0.393521356	0.500819172	0.421364797
1	2.5	0.046644078	0.135740613	0.025280791
1.25	2.5	0.014610396	0.011006301	0.108018651
1.5	2.5	0.033827389	0.015388128	0.045879304
1.75	2.5	0.024238535	0.000834289	0.062391398
2	2.5	0.031926164	0.017298345	0.00597374
2.25	2.5	0.023388211	0.000191602	0.009496624
2.5	2.5	0.01268211	0.024326149	0.068456013
2.75	2.5	0.008681871	0.039216732	0.030420797
3	2.5	0.006139061	0.021124238	0.050559164
3.25	2.5	0.003731758	0.053393464	0.040333293
3.5	2.5	0.006218573	0.014958808	0.090450124
3.75	2.5	0.009384606	0.02055472	0.027002498
4	2.5	0.009452691	0.006101912	0.02386289
1	2.75	0.051583463	0.019687562	0.045476027
1.25	2.75	0.00016239	0.016875893	0.01136897
1.5	2.75	0.027013252	0.042442919	0.018786589
1.75	2.75	0.034775583	0.001241043	0.082484521
2	2.75	0.043180717	0.01843049	0.062306105
2.25	2.75	0.033035393	0.006880989	0.045745038
2.5	2.75	0.024480712	0.015112763	0.118016285
2.75	2.75	0.022305179	0.02344111	0.015765149
3	2.75	0.020713073	0.035986487	0.077829101
3.25	2.75	0.01645144	0.003034029	0.105238441
3.5	2.75	0.012978288	0.009124886	0.089176158
3.75	2.75	0.010975418	0.04699756	0.033117102
4	2.75	0.009642475	0.030852623	0.03376476
1	3	0.414496291	0.526620159	0.492632599
1.25	3	0.005905027	0.054903119	0.021736892
1.5	3	0.031223754	0.053889567	0.098907626
1.75	3	0.044969669	0.032467746	0.004692895
2	3	0.048362334	0.001344393	0.00453738
2.25	3	0.040947235	0.042296354	0.046283994
2.5	3	0.037044003	0.001451978	0.034763499
2.75	3	0.03942908	0.006896936	0.00038248
3	3	0.039455887	0.028766669	0.156092947
3.25	3	0.035902107	0.032497019	0.006985686
3.5	3	0.033493113	0.018346156	0.001924089
3.75	3	0.031501273	0.011034434	0.036693719
4	3	0.029008086	0.011725998	0.053705105
1.25	3.25	0.010112026	0.013341987	0.076649272
1.5	3.25	0.025995319	0.013880615	0.025487481
1.75	3.25	0.039371114	0.003718499	0.02841787
2	3.25	0.048506615	0.022604483	0.048271079
2.25	3.25	0.053395749	0.032791261	0.078270859
2.5	3.25	0.045807485	0.023816924	0.021828806
2.75	3.25	0.052739052	0.025538633	0.082874427
3	3.25	0.044533095	0.03250397	0.031431132
3.25	3.25	0.035897741	0.017039927	0.008304252
3.5	3.25	0.034282697	0.000129045	0.016601764
3.75	3.25	0.030266758	0.002779654	0.015908866
4	3.25	0.028399458	0.006289638	0.038415868
1.25	3.5	0.435675369	0.553430853	0.552072566
1.5	3.5	0.011562069	0.038512613	0.065178229
1.75	3.5	0.041944222	0.032888024	0.012591945
2	3.5	0.056788162	0.046461203	0.040987217
2.25	3.5	0.062926434	0.009214708	0.010732377
2.5	3.5	0.052541225	0.001902715	0.077344186
2.75	3.5	0.057759315	0.044712121	0.067388947
3	3.5	0.049425305	0.000662772	0.061328843
3.25	3.5	0.041766608	0.024605235	0.005262497
3.5	3.5	0.041038183	0.006569953	0.040675746
3.75	3.5	0.039755868	0.007645739	0.050381347
4	3.5	0.034112849	0.004281067	0.025833034
1.5	3.75	0.015182187	0.04116443	0.04726858
1.75	3.75	0.03578477	0.036765652	0.016467815
2	3.75	0.051813107	0.008554062	0.168571601
2.25	3.75	0.054697662	0.066633617	0.011097464
2.5	3.75	0.058045397	0.039375707	0.045534441
2.75	3.75	0.064880115	0.051835616	0.100165098
3	3.75	0.055089797	0.016019009	0.0694034
3.25	3.75	0.050390344	0.012789578	0.076048349
3.5	3.75	0.050771668	0.02883094	0.023140248
3.75	3.75	0.054851261	0.043434439	0.049610048
4	3.75	0.053494888	0.029686772	0.034225134
1.5	4	0.453438254	0.544367426	0.528257188
1.75	4	0.036397324	0.093508235	0.009732503
2	4	0.047394669	0.026943487	0.024874025
2.25	4	0.064452266	0.014354807	0.014710521
2.5	4	0.069345386	0.027239587	0.070516554
2.75	4	0.065820064	0.033404148	0.019500826
3	4	0.059296713	0.040587821	0.017894089
3.25	4	0.057955469	0.032766316	0.04159046
3.5	4	0.06231212	0.01784133	0.020776648
3.75	4	0.061907182	0.032522115	0.011815529
4	4	0.05401973	0.006357744	0.069522872
